(
    (
        [
            0.0,
            0.1176470588235294,
            0.2352941176470588,
            0.3529411764705882,
            0.4705882352941176,
            0.588235294117647,
            0.7058823529411764,
            0.8235294117647057,
            0.9411764705882352,
            0.7500000000000002,
            0.2500000000000004,
            0.058823529411764594,
            0.17647058823529396,
            0.2941176470588234,
            0.4117647058823527,
            0.5294117647058821,
            0.6470588235294117,
            0.7647058823529412,
            0.8823529411764708,
            0.9999999999999981,
            0.4999999999999974,
            7.802037882856002e-16,
        ],
        [
            0.03354166666666683,
            0.03354166666666683,
            0.1097549019607843,
            0.2274019607843137,
            0.3450490196078431,
            0.46269607843137245,
            0.5803431372549018,
            0.6979901960784313,
            0.8156372549019606,
            0.93328431372549,
            0.7835416666666671,
            0.2835416666666672,
            0.05093137254901946,
            0.16857843137254883,
            0.28622549019607824,
            0.40387254901960756,
            0.521519607843137,
            0.6391666666666668,
            0.7568137254901963,
            0.8744607843137259,
            0.9921078431372554,
            0.5335416666666634,
        ],
    )
)
